10
234 765 650 123 498 789 126 790 231 999
20
121 12 43 206 87 2 3 57 67 90 20 45 56 78 09 76 54 31 17 100
17
12 345 6789 4567 3232 4354 4365 7898 5456 652 435 987 32 543 765 78 14
14
1007 1008 1009 1010 1020 1030 1040 1050 1060 1070 1080 1090 1100 1120
10
9876 9854 9812 9653 9431 9012 8976 8641 7643 6432
13
3456 653 121 236 985 875 8162 3476 8743 7682 5376 8763 4376
9
1234 1021 2987 4129 3476 1290 7612 3298 2398
26
19 0 42 35 48 39 28 37 73 7 71 83 1 23 4 75 5 53 3 6 45 8 2 9 10 11